21
22
72
226
216
160
37
41
150
26
34
151
220
0
28
208
48
209
113
125
185
44
47
153
27
158
60
197
175
93
171
6
212
36
213
133
246
116
182
54
131
135
30
202
106
55
217
12
84
52
232
5
164
241
31
15
69
120
203
20
89
199
67
186
83
149
218
2
9
46
136
252
23
238
29
201
53
110
206
162
240
58
221
223
107
85
251
155
35
92
222
141
119
108
95
249
245
254
124
112
253
126
56
51
157
71
192
145
24
61
187
224
101
121
40
229
196
231
8
18
50
147
42
100
237
13
111
96
242
173
103
33
170
118
104
127
4
138
78
144
80
152
181
194
198
82
94
200
236
168
210
250
156
66
184
180
16
7
115
114
98
87
122
49
239
11
247
105
70
128
19
97
129
79
73
32
1
63
123
45
88
59
188
204
172
81
211
137
176
234
140
177
91
134
248
215
195
255
39
68
179
99
161
214
142
90
191
190
235
205
243
86
207
230
10
225
174
25
166
244
57
233
3
102
17
62
146
139
65
117
228
109
167
132
76
189
227
183
219
169
43
14
159
77
178
154
75
148
64
163
74
38
193
143
165
130
